0 512.28474334
1 146.305160878
2 66.4870941319
3 44.7098841005
4 38.7101699714
5 37.0409428087
6 36.5689056654
7 36.4307036866
8 36.3868238858
9 36.3703057476
10 36.3622254778
11 36.3571260578
12 36.3533602073
13 36.3503753693
14 36.3479444598
15 36.3459452282
16 36.3442953424
17 36.3429321134
18 36.3418052601
19 36.3408736585
20 36.3401034369
21 36.339466628
22 36.3389401196
23 36.3385048057
24 36.3381448907
25 36.3378473148
26 36.3376012806
27 36.3373978609
28 36.3372296745
29 36.3370906188
30 36.3369756483
31 36.3368805913
32 36.3368019987
33 36.3367370187
34 36.3366832936
35 36.336638874
36 36.3366021481
37 36.3365717833
38 36.3365466778
39 36.3365259207
40 36.3365087589
41 36.3364945696
42 36.336482838
43 36.3364731383
44 36.3364651186
45 36.3364584881
46 36.3364530059
47 36.3364484733
48 36.3364447258
49 36.3364416273
