0 512.28474334
1 81.7148263846
2 55.4123489481
3 45.9366852997
4 41.2196585119
5 38.8238166838
6 37.6049339795
7 36.9843494794
8 36.6680770152
9 36.5066796941
10 36.4241680541
11 36.3818817071
12 36.3601383036
13 36.3489079525
14 36.3430729558
15 36.3400174408
16 36.3384011227
17 36.3375350585
18 36.3370635672
19 36.3368019529
20 36.3366535719
21 36.3365673505
22 36.3365159555
23 36.3364845285
24 36.3364648396
25 36.3364522302
26 36.3364439989
27 36.3364385392
28 36.3364348708
29 36.3364323807
30 36.3364306771
31 36.3364295046
32 36.3364286939
33 36.3364281316
34 36.3364277406
35 36.3364274682
36 36.3364272782
37 36.3364271455
38 36.3364270528
39 36.3364269879
40 36.3364269426
41 36.3364269109
42 36.3364268887
43 36.3364268732
44 36.3364268623
45 36.3364268547
46 36.3364268494
47 36.3364268456
48 36.336426843
49 36.3364268412
