0 512.28474334
1 254.66477195
2 143.126252648
3 89.9872750686
4 63.5996364295
5 50.2730402364
6 43.4936852721
7 40.0318352288
8 38.2590965451
9 37.3486762167
10 36.8793603648
11 36.6361160806
12 36.5089900048
13 36.4416744275
14 36.4052882822
15 36.3849913676
16 36.3731412576
17 36.365790523
18 36.3608915194
19 36.3573751614
20 36.3546775773
21 36.3524965557
22 36.3506660341
23 36.3490912976
24 36.3477154417
25 36.346501956
26 36.3454256341
27 36.3444677929
28 36.3436137259
29 36.3428513214
30 36.3421702885
31 36.3415617065
32 36.3410177446
33 36.3405314773
34 36.3400967518
35 36.3397080874
36 36.3393605947
37 36.3390499076
38 36.3387721252
39 36.3385237613
40 36.3383016996
41 36.3381031544
42 36.337925635
43 36.3377669148
44 36.3376250028
45 36.3374981191
46 36.3373846722
47 36.3372832391
48 36.3371925476
49 36.3371114602
