0 2175.07419011
1 1808.31135404
2 1511.23345683
3 1270.60036008
4 1075.68755172
5 917.808176949
6 789.925883382
7 686.341225593
8 602.437652784
9 534.475758809
10 479.426624689
11 434.836826052
12 398.719089156
13 369.46372227
14 345.766875092
15 326.572428879
16 311.024927445
17 298.431451284
18 288.230735594
19 279.968155885
20 273.275466321
21 267.854387773
22 263.46331415
23 259.906544515
24 257.025561111
25 254.691964554
26 252.801751342
27 251.270678641
28 250.030509753
29 249.025972954
30 248.212298146
31 247.553221552
32 247.019369511
33 246.586949358
34 246.236689033
35 245.952978171
36 245.723172372
37 245.537029675
38 245.386254091
39 245.264125867
40 245.165202006
41 245.085073679
42 245.020169734
43 244.967597538
44 244.925014059
45 244.890521442
46 244.862582422
47 244.839951815
48 244.821621024
49 244.806773083
50 244.794746251
51 244.785004517
52 244.777113713
53 244.770722161
54 244.765545004
55 244.761351507
56 244.757954775
57 244.755203421
58 244.752974825
59 244.751169662
60 244.74970748
61 244.748523112
62 244.747563775
63 244.746786711
64 244.74615729
65 244.745647459
66 244.745234495
67 244.744899995
68 244.74462905
69 244.744409584
70 244.744231817
71 244.744087825
72 244.743971192
73 244.743876719
74 244.743800196
75 244.743738213
76 244.743688006
77 244.743647339
78 244.743614398
79 244.743587716
80 244.743566104
81 244.743548598
82 244.743534418
83 244.743522932
84 244.743513629
85 244.743506093
86 244.743499989
87 244.743495045
88 244.74349104
89 244.743487796
90 244.743485169
91 244.74348304
92 244.743481316
93 244.74347992
94 244.743478789
95 244.743477873
96 244.743477131
97 244.74347653
98 244.743476043
99 244.743475648
