0 512.28474334
1 413.734012239
2 337.237405107
3 277.366006129
4 230.164990202
5 192.718325125
6 162.850123703
7 138.918020134
8 119.668865587
9 104.136902597
10 91.5711126112
11 81.3827702173
12 73.1071270973
13 66.3750797216
14 60.8919704814
15 56.4215457474
16 52.7736869986
17 49.794935898
18 47.3611127204
19 45.3715209171
20 43.7443661639
21 42.4131142908
22 41.323581317
23 40.431598718
24 39.7011336673
25 39.1027711957
26 38.6124856344
27 38.2106442354
28 37.881197768
29 37.6110221197
30 37.3893821361
31 37.2074946057
32 37.0581717887
33 36.935530461
34 36.8347543108
35 36.7518998194
36 36.6837376088
37 36.6276227372
38 36.5813886308
39 36.5432603247
40 36.511783484
41 36.4857663241
42 36.464232077
43 36.4463800859
44 36.4315539544
45 36.4192154698
46 36.408923251
47 36.4003152618
48 36.3930944905
49 36.3870172187
