0 512.28474334
1 88.6551790232
2 42.3103508008
3 37.0876702981
4 36.4720268983
5 36.3884440083
6 36.3699276666
7 36.3612119957
8 36.3552242673
9 36.350741342
10 36.3473347964
11 36.3447398451
12 36.3427623349
13 36.3412552521
14 36.3401066747
15 36.3392313196
16 36.338564193
17 36.3380557615
18 36.3376682751
19 36.3373729634
20 36.3371479001
21 36.3369763745
22 36.3368456513
23 36.3367460243
24 36.3366700964
25 36.3366122302
26 36.3365681291
27 36.3365345187
28 36.3365089035
29 36.3364893816
30 36.3364745036
31 36.3364631647
32 36.3364545231
33 36.3364479371
34 36.3364429178
35 36.3364390925
36 36.3364361772
37 36.3364339553
38 36.336432262
39 36.3364309715
40 36.336429988
41 36.3364292384
42 36.3364286672
43 36.3364282318
44 36.3364279
45 36.3364276471
46 36.3364274544
47 36.3364273075
48 36.3364271956
49 36.3364271103
