0 512.28474334
1 97.2607610216
2 84.8222489558
3 75.8456601484
4 68.5392471638
5 62.5850966683
6 57.7325415681
7 53.7775410714
8 50.553923861
9 47.926334237
10 45.7845007195
11 44.0385761568
12 42.6153472073
13 41.4551497827
14 40.5093581557
15 39.7383404946
16 39.1097938118
17 38.5973876688
18 38.179659217
19 37.8391128894
20 37.5614867638
21 37.3351546937
22 37.1506390466
23 37.0002135658
24 36.8775796708
25 36.7776026062
26 36.6960963674
27 36.6296483807
28 36.5754765871
29 36.5313129388
30 36.495308425
31 36.4659556486
32 36.4420257084
33 36.422516745
34 36.406611993
35 36.393645584
36 36.3830746682
37 36.3744566862
38 36.3674308404
39 36.3617029897
40 36.3570333346
41 36.3532263778
42 36.3501227394
43 36.3475924842
44 36.3455296822
45 36.3438479736
46 36.3424769529
47 36.341359222
48 36.3404479867
49 36.339705098
