816.752408811354
812.5650172742922
812.4959057654369
812.4480503457937
812.4112942380505
812.3813277834084
812.355936365824
812.3338337125733
812.3142057069178
812.2965030741159
812.2803364103283
812.2654184755577
812.2515303373358
812.2385004261512
812.2261909916575
812.2144890060821
812.2032998475338
812.192542779171
812.182147620201
812.1720522247444
812.1622005159236
812.1525409035796
812.143024964258
812.1336062940496
812.1242394642936
812.1148790213715
812.1054784765238
812.0959892307425
812.0863593734963
812.0765322810246
812.0664449181407
812.0560257133828
812.0451918239825
812.0338455237348
812.0218693142649
812.0091191443789
811.9954147608853
811.9805255890791
811.9641494156085
811.945879027237
811.925147746561
811.9011358780723
811.8725996089395
811.8375321205273
811.7924177374496
811.7303295158914
811.6348471079874
811.450618148192
809.4937323127922
769.6170752838169
752.1728062654902
745.5209234295323
742.1646952722335
740.1321149340774
738.7639021273851
737.7782482999272
737.0378329470218
736.4625610946805
735.9939809243606
735.5922492014458
735.2327660896374
734.9050476197591
734.6084810901718
734.3438216869166
734.1106798540151
733.9065559453592
733.7226434961119
733.5419036183376
733.3526430362324
733.1608643116311
732.9762419295612
732.8005721999385
732.6315995885819
732.4673135636588
732.306871927955
732.1502932726428
731.9980124627401
731.8505168931156
731.7081297295017
731.5709518909132
731.4389058558844
731.3118082460421
731.1894288086763
731.071526800964
730.9578708561775
730.8482496340729
730.742477685565
730.6403989090946
730.5418894509227
730.4468623006026
730.3552765966779
730.2671551224297
730.1826118364247
730.1018835225959
730.0253412452826
729.9534334069224
729.8865151347153
729.8246004511467
729.7672186153263
729.7135834386517
729.6630288193988
729.6153615517629
729.5708576527711
729.529992368614
729.493191994714
729.4608034524631
729.4332919182291
729.4115249902429
729.3968474844589
729.3905066453797
729.392201148481
729.3988151142371
729.4058301714052
729.4095303940961
729.4047659679189
729.3847219981913
729.345818091853
729.2906515812102
729.2272981549316
729.1639235603482
729.1030299625497
729.0429053216388
728.9820671733179
728.9207296388839
728.8599931545018
728.8009772242028
728.7444788330906
728.6909365766827
728.6405013494502
728.5931279335442
728.5486553475293
728.5068658747174
728.4675231962276
728.4303943992877
728.3952612332674
728.3619249072821
728.330207320834
728.2999504762823
728.2710150539436
728.2432786676682
728.2166340591571
728.1909873517296
728.166256414709
728.1423693567411
728.1192631516308
728.0968823946924
728.0751781855183
728.0541071325299
728.0336304744101
728.0137133130319
727.994323951997
727.9754333341878
727.9570145709555
727.9390425551347
727.9214936494295
727.9043454415988
727.8875765576946
727.8711665248834
727.8550956756626
727.8393450858135
727.8238965391195
727.8087325125642
727.7938361766098
727.7791914058643
727.7647827963102
727.7505956860141
727.7366161767765
727.7228311549652
727.7092283100677
727.6957961499327
727.682524012092
727.6694020705255
727.6564213376151
727.6435736609812
727.6308517149785
727.6182489867592
727.605759756666
727.5933790729703
727.5811027208722
727.5689271858114
727.5568496112711
727.5448677512892
727.5329799181465
727.5211849257299
727.5094820293094
727.4978708624736
727.4863513722753
727.474923753506
727.4635883832269
727.4523457566293
727.4411964252881
727.4301409388252
727.4191797908742
727.4083133701462
727.3975419172818
727.3868654878844
727.3762839221903
727.3657968214452
727.355403531046
727.3451031303052
727.3348944285684
727.3247759673275
727.3147460278251
727.3048026436608
727.2949436177556
727.2851665430609
727.2754688263658
727.2658477145247
727.2563003224681
727.2468236623623
727.2374146733049
727.2280702509921
727.2187872768517
727.2095626461394
727.2003932945908
727.1912762232546
727.1822085212219
727.1731873859537
727.1642101410574
727.1552742513637
727.1463773352167
727.1375171739498
727.1286917185973
727.1198990938761
727.1111375995673
727.10240570944
727.0937020679104
727.0850254845886
727.0763749270089
727.0677495117063
727.0591484939474
727.0505712563012
727.0420172963526
727.0334862137726
727.0249776969766
727.0164915096086
727.0080274770548
726.9995854731686
726.9911654074123
726.982767212561
726.9743908331088
726.9660362145138
726.9577032934014
726.9493919888267
726.9411021946527
726.932833773144
726.9245865498395
726.9163603097138
726.908154794697
726.8999697025675
726.8918046872036
726.8836593602435
726.8755332940732
726.8674260261599
726.8593370646668
726.8512658952502
726.8432119890313
726.8351748115173
726.8271538324544
726.8191485363857
726.8111584337586
726.803183072397
726.795222049106
726.7872750211942
726.7793417176634
726.7714219498373
726.763515621193
726.7556227361514
726.7477434076202
726.7398778631351
726.7320264494006
726.7241896351394
726.716368012179
726.7085622947234
726.700773316856
726.6930020282908
726.6852494885227
726.6775168594855
726.6698053968875
726.6621164404404
726.654451403202
726.6468117602194
726.6391990367739
726.6316147963793
726.6240606288126
726.6165381383254
726.6090489322728
726.6015946102607
726.5941767539738
726.5867969178115
726.579456620337
726.5721573366665
726.5649004918148
726.5576874549407
726.5505195345983
726.5433979748288
726.5363239521928
726.5292985735689
726.52232287475
726.5153978197214
726.5085243005809
726.5017031380166
726.4949350822952
726.488220814653
726.4815609490929
726.4749560344632
726.468406556792
726.4619129418284
726.4554755577244
726.449094717849
726.4427706836499
726.4365036675664
726.4302938359464
726.4241413119527
726.4180461784111
726.4120084806195
726.4060282290764
726.4001054021069
726.3942399484108
726.388431789475
726.3826808219242
726.3769869196724
726.371349936029
726.3657697056356
726.3602460462965
726.3547787606727
726.349367637872
726.3440124548896
726.3387129779709
726.3334689638202
726.3282801607232
726.323146309561
726.3180671447159
726.313042394895
726.3080717838444
726.3031550309943
726.2982918520196
726.2934819593255
726.2887250624701
726.2840208685121
726.2793690823177
726.2747694068009
726.2702215431287
726.2657251908701
726.2612800481319
726.2568858116284
726.2525421767584
726.2482488376323
726.244005487086
726.2398118166961
726.2356675167398
726.2315722762019
726.2275257827224
726.2235277225727
726.2195777806045
726.21567564023
726.2118209833679
726.2080134904262
726.204252840254
726.2005387101315
726.1968707757459
726.1932487111907
726.1896721889444
726.1861408798927
726.182654453338
726.1792125770189
726.1758149171413
726.172461138426
726.169150904141
726.1658838761766
726.1626597150943
726.159478080208
726.1563386296548
726.153241020483
726.150184908746
726.1471699495916
726.144195797367
726.1412621057246
726.1383685277273
726.1355147159646
726.1327003226613
726.1299249998015
726.127188399233
726.1244901728047
726.1218299724735
726.1192074504252
726.1166222591843
726.1140740517495
726.1115624816973
726.1090872032916
726.1066478716085
726.1042441426376
726.1018756733768
726.0995421219607
726.0972431477381
726.0949784113744
726.0927475749435
726.0905503020175
726.0883862577426
726.0862551089319
726.0841565241222
726.0820901736565
726.08005572974
726.078052866507
726.076081260076
726.0741405885942
726.0722305322898
726.0703507735087
726.0685009967603
726.0666808887255
726.0648901383148
726.0631284366663
726.0613954771757
726.0596909555063
726.0580145695958
726.0563660196691
726.0547450082258
726.0531512400522
726.0515844222069
726.0500442640047
726.0485304770156
726.0470427750325
726.0455808740717
726.0441444923181
726.0427333501309
726.041347169995
726.0399856764934
726.0386485962765
726.0373356580207
726.0360465923901
726.0347811320032
726.0335390113815
726.0323199669165
726.0311237368124
726.0299500610473
726.0287986813278
726.0276693410341
726.0265617851826
726.0254757603642
726.0244110146974
726.0233672977924
726.0223443606808
726.0213419557767
726.0203598368287
726.0193977588674
726.0184554781544
726.017532752143
726.016629339418
726.0157449996652
726.0148794936115
726.0140325829867
726.0132040304845
726.0123935997112
726.0116010551606
726.0108261621551
726.0100686868246
726.0093283960667
726.0086050575102
726.0078984394833
726.0072083109823
726.0065344416536
726.0058766017574
726.0052345621351
726.0046080942095
726.0039969699467
726.0034009618437
726.0028198429134
726.0022533866658
726.0017013670953
726.0011635586847
726.0006397363792
726.0001296755885
725.9996331521867
725.9991499424997
725.9986798233198
725.998222571892
725.9977779659306
725.9973457836179
725.9969258036211
725.996517805087
725.9961215676656
725.99573687152
725.9953634973399
725.9950012263527
725.9946498403538
725.9943091217102
725.9939788534023
725.9936588190182
725.9933488027939
725.993048589647
725.9927579651708
725.9924767156903
725.9922046282805
725.9919414907866
725.9916870918622
725.9914412209911
725.9912036685326
725.9909742257299
725.9907526847644
725.9905388387621
725.9903324818627
725.990133409211
725.9899414170183
725.9897563025803
725.9895778643274
725.9894059018325
725.9892402158674
725.9890806084243
725.9889268827508
725.988778843382
725.9886362961769
725.9884990483465
725.9883669084895
725.988239686619
725.9881171941936
725.9879992441631
725.9878856509714
725.9877762306096
725.9876708006371
725.9875691802105
725.9874711901043
725.9873766527542
725.9872853922667
725.9871972344527
725.9871120068605
725.9870295387841
725.9869496612991
725.9868722072748
725.9867970114132
725.9867239102484
725.9866527421885
725.9865833475192
725.9865155684281
725.9864492490284
725.9863842353623
725.986320375434
725.9862575192141
725.986195518656
725.9861342277134
725.9860735023495
725.9860132005518
725.9859531823382
725.9858933097845
725.9858334470063
725.9857734601949
725.9857132176094
725.9856525895959
725.9855914485822
725.9855296690913
725.9854671277535
725.985403703294
725.9853392765557
725.985273730487
725.9852069501613
725.9851388227628
725.9850692376024
725.9849980861073
725.9849252618343
725.9848506604598
725.9847741797832
725.9846957197313
725.9846151823451
725.9845324717936
725.9844474943617
725.9843601584503
725.9842703745722
725.9841780553598
725.9840831155437
725.9839854719667
725.9838850435702
725.9837817513957
725.9836755185712
725.9835662703248
725.9834539339605
725.9833384388689
725.9832197165119
725.9830977004284
725.9829723262219
725.9828435315583
725.982711256161
725.982575441807
725.9824360323231
725.9822929735799
725.9821462134933
725.9819957020063
725.981841391098
725.9816832347864
725.9815211890975
725.9813552120979
725.9811852638576
725.9810113064813
725.9808333040736
725.9806512227641
725.9804650306895
725.9802746980049
725.9800801968755
725.9798815014791
725.9796785880126
725.9794714346848
725.9792600217294
725.9790443313997
725.9788243479836
725.9786000577938
725.9783714491933
725.9781385125824
725.9779012404258
725.9776596272435
725.977413669642
725.9771633663156
725.97690871805
725.9766497277562
725.9763864004784
725.9761187434063
725.9758467659061
725.9755704795285
725.9752898980445
725.9750050374632
725.9747159160581
725.9744225544028
725.974124975391
725.9738232042832
725.9735172687265
725.9732071988143
725.9728930271078
725.9725747886861
725.9722525211912
725.9719262648875
725.9715960627007
725.9712619602684
725.970924006019
725.9705822512186
725.9702367500366
725.9698875596158
725.9695347401454
725.969178354937
725.9688184705092
725.968455156646
725.9680884865189
725.9677185367556
725.9673453875425
725.9669691227118
725.9665898298639
725.9662076004614
725.9658225299432
725.9654347178381
725.9650442678922
725.9646512881766
725.9642558912309
725.9638581941837
725.9634583188941
725.9630563920903
725.9626525455042
725.9622469160219
725.9618396458392
725.9614308825942
725.9610207795469
725.9606094957122
725.9601971960295
725.9597840515255
725.9593702394606
725.9589559435109
725.9585413539131
725.9581266676311
725.9577120885153
725.9572978274649
725.9568841025871
725.9564711393307
725.9560591706668
725.9556484371997
725.9552391873343
725.954831677394
725.9544261717471
725.9540229429215
725.9536222717306
725.9532244473439
725.9528297673925
725.9524385380275
725.9520510739899
725.9516676986552
725.9512887440471
725.9509145508646
725.9505454684619
725.9501818548237
725.949824076514
725.9494725086132
725.949127534604
725.9487895462613
725.9484589435125
725.9481361342553
725.9478215341495
725.9475155664014
725.9472186614888
725.946931256875
725.946653796688
725.946386731356
725.9461305172226
725.9458856161327
725.9456524949538
725.9454316251048
725.9452234820257
725.9450285446216
725.9448472946638
725.9446802161697
725.9445277947415
725.9443905168931
725.944268869307
725.9441633381015
725.9440744080474
725.944002561771
725.94394827893
725.9439120353528
725.9438943021803
725.9438955449903
725.9439162228772
725.9439567875603
725.9440176824527
725.9440993417612
725.9442021895345
725.9443266387651
725.9444730904607
725.9446419327559
725.9448335400097
725.9450482719443
725.9452864727882
725.9455484704655
725.9458345758022
725.9461450817607
725.9464802627424
725.9468403738955
725.9472256504918
725.9476363073412
725.9480725382815
725.9485345156842
725.9490223900452
725.94953628964
725.9500763202129
725.9506425647536
725.9512350833351
725.9518539129998
725.9524990677304
725.9531705384762
725.9538682932384
725.9545922772417
725.9553424131391
725.9561186012952
725.9569207201207
725.9577486264874
725.9586021561486
725.959481124264
725.9603853259375
725.9613145368157
725.9622685137317
725.9632469953714
725.964249702982
725.9652763411278
725.9663265984426
725.967400148437
725.9684966503119
725.9696157497685
725.9707570798737
725.9719202619083
725.9731049062065
725.974310613044
725.975536973488
725.9767835702424
725.9780499785238
725.9793357668848
725.9806404980607
725.9819637297809
725.9833050155735
725.9846639055578
725.9860399472066
725.9874326860942
725.988841666629
725.9902664327418
725.9917065285756
725.9931614991397
725.994630890918
725.9961142524883
725.9976111350826
725.999121093139
726.0006436848117
726.0021784724547
726.0037250230932
726.0052829088478
726.0068517073338
726.0084310020326
726.0100203826541
726.0116194454417
726.013227793462
726.014845036878
726.0164707931922
726.0181046874425
726.0197463524069
726.0213954287698
726.0230515652477
726.0247144187178
726.0263836543243
726.0280589455357
726.0297399742134
726.031426430648
726.0331180135729
726.0348144301707
726.0365153960533
726.0382206352357
726.0399298800835
726.0416428712628
726.0433593576627
726.0450790963049
726.0468018522577
726.0485273985252
726.0502555159337
726.0519859930009
726.0537186258106
726.0554532178693
726.0571895799562
726.0589275299798
726.060666892812
726.0624075001331
726.0641491902547
726.0658918079636
726.0676352043392
726.0693792365937
726.0711237678692
726.0728686670973
726.0746138087884
726.0763590728695
726.0781043445093
726.0798495139267
726.0815944762276
726.0833391312204
726.0850833832498
726.0868271410096
726.0885703173935
726.090312829309
726.0920545975123
726.0937955464605
726.0955356041319
726.0972747018759
726.0990127742666
726.1007497589378
726.1024855964412
726.1042202300993
726.105953605868
726.107685672196
726.1094163798929
726.1111456819889
726.1128735336224
726.1145998919063
726.1163247158157
726.1180479660663
726.1197696049986
726.1214895964799
726.1232079057926
726.1249244995322
726.1266393455181
726.1283524126834
726.1300636710008
726.1317730913825
726.1334806456089
726.1351863062365
726.136890046529
726.1385918403745
726.1402916622314
726.1419894870395
726.1436852901679
726.1453790473604
726.1470707346575
726.1487603283598
726.1504478049617
726.1521331411107
726.1538163135533
726.1554972990981
726.1571760745593
726.1588526167322
726.1605269023501
726.1621989080403
726.1638686103164
726.1655359855109
726.1672010097774
726.1688636590499
726.1705239090268
726.1721817351338
726.1738371125182
726.175490016023
726.1771404201681
726.1787882991408
726.1804336267758
726.1820763765493
726.1837165215579
726.185354034523
726.1869888877683
726.1886210532265
726.1902505024268
726.1918772064851
726.1935011361203
726.1951222616245
726.196740552895
726.198355979406
726.1999685102212
726.2015781140082
726.2031847590162
726.2047884131068
726.2063890437349
726.2079866179787
726.2095811025225
726.2111724636815
726.2127606674015
726.2143456792751
726.2159274645406
726.2175059880971
726.2190812145165
726.220653108053
726.2222216326535
726.2237867519764
726.2253484293847
726.2269066279906
726.2284613106351
726.230012439927
726.2315599782326
726.2331038877262
726.2346441303589
726.2361806679153
726.2377134619915
726.2392424740431
726.2407676653821
726.2422889971931
726.2438064305512
726.2453199264404
726.2468294457648
726.2483349493726
726.2498363980588
726.2513337525911
726.2528269737268
726.2543160222203
726.2558008588479
726.2572814444178
726.2587577397904
726.2602297058883
726.2616973037192
726.2631604943875
726.2646192391076
726.2660734992276
726.2675232362319
726.2689684117713
726.2704089876622
726.2718449259199
726.2732761887545
726.2747027385991
726.2761245381143
726.27754155021
726.2789537380545
726.2803610650951
726.2817634950524
726.2831609919667
726.2845535201711
726.2859410443417
726.2873235294777
726.2887009409416
726.2900732444457
726.2914404060832
726.2928023923263
726.2941591700458
726.2955107065178
726.2968569694293
726.298197926896
726.29953354747
726.3008638001508
726.302188654379
726.303508080068
726.3048220475979
726.3061305278266
726.3074334920891
726.3087309122278
726.3100227605727
726.3113090099569
726.3125896337389
726.3138646057828
726.315133900476
726.3163974927356
726.317655358013
726.3189074722891
726.3201538120944
726.3213943544946
726.322629077111
726.3238579581034
726.325080976201
726.3262981106648
726.3275093413388
726.3287146486017
726.329914013407
726.3311074172583
726.3322948422249
726.3334762709374
726.3346516865867
726.3358210729203
726.336984414248
726.3381416954367
726.3392929019116
726.3404380196519
