839.8307770834527
818.9955097884167
818.6836162119449
818.432737866869
818.1473060369071
817.6080825365711
808.7251589730035
781.8540150512226
770.4527489231476
765.2457316832855
762.2899472948305
760.4466045890508
759.180313086029
758.247769152042
757.5333986765883
756.9726251919553
756.5225617073763
756.152999495035
755.8430192210976
755.5784419462948
755.3496905083324
755.1500640754994
754.9744859984266
754.8188218026528
754.6796609892789
754.5542538703237
754.4403212551189
754.3357425054893
754.238394646944
754.1463176424602
754.0580401634758
753.9727719516078
753.8903485435178
753.8110159474433
753.735192118393
753.6632857028527
753.5955882882737
753.5322275392118
753.4731647963819
753.4182217927975
753.367121770515
753.319532930992
753.275106464574
753.2335052257837
753.1944217907597
753.1575866222472
753.1227686159542
753.0897711265587
753.0584263940381
753.0285903070893
753.000138243222
752.9729618725386
752.9469665071277
752.9220686835154
752.8981939161438
752.8752747510262
752.8532493041637
752.8320604105746
752.8116553992958
752.7919864028385
752.7730110358007
752.7546932403758
752.737004085509
752.7199223090832
752.7034344030028
752.6875340623885
752.6722208625991
752.6574981033451
752.6433698746214
752.6298375504664
752.6168960819608
752.6045306017986
752.5927139185183
752.581405423036
752.5705517321406
752.5600890783892
752.5499470979858
752.5400533739529
752.530337956258
752.5207371455591
752.5111960613253
752.5016698297776
752.4921235191633
752.4825311440112
752.4728741313338
752.4631396093772
752.4533187866822
752.4434055797341
752.4333955520009
752.4232851598908
752.4130712633985
752.4027508445643
752.3923208772635
752.3817783000524
752.3711200543089
752.3603431601242
752.3494448106374
752.3384224716974
752.3272739780018
752.3159976197799
752.3045922159769
752.2930571712839
752.2813925152741
752.2695989228981
752.2576777160426
752.24563084679
752.233460863262
752.2211708594792
752.2087644109588
752.1962454977808
752.1836184170149
752.1708876862806
752.1580579398855
752.1451338190834
752.1321198574999
752.1190203627549
752.1058392951545
752.0925801443555
752.079245804934
752.0658384521349
752.05235941939
752.0388090797214
752.0251867338501
752.0114905084823
751.997717269124
751.9838625525215
751.969920524537
751.9558839698332
751.9417443198922
751.9274917257197
751.9131151808529
751.8986026986937
751.8839415461048
751.8691185322903
751.8541203484488
751.8389339502073
751.8235469717604
751.807948158936
751.7921278095392
751.7760782142327
751.7597941014861
751.7432731059292
751.7265162999165
751.7095288497769
751.6923208735875
751.674908575666
751.6573156995927
751.6395752628326
751.6217314055402
751.6038410140112
751.5859746020761
751.5682158153563
751.5506589444394
751.5334040603275
751.5165498318161
751.5001846734605
751.4843774382365
751.4691691995862
751.4545675965393
751.4405447109353
751.4270386512384
751.413958203744
751.4011893536572
751.3886023248441
751.3760580106792
751.3634131157502
751.3505238241895
751.3372482401427
751.3234481687547
751.3089910178201
751.2937526794357
751.2776221334881
751.260508113188
751.2423474551294
751.2231138416865
751.2028248532785
751.1815450133582
751.1593831345464
751.1364836848923
751.1130135781287
751.0891470469336
751.065051581651
751.0408772734814
751.0167506819485
750.9927730965868
750.9690221943783
750.945555751449
750.922416162594
750.8996348584978
750.8772360997302
750.8552399474928
750.833664418611
750.8125269340347
750.7918451973641
750.7716376277457
750.7519234461896
750.7327224917443
750.7140548302863
750.6959402136654
750.6783974470575
750.6614437231968
750.6450939802497
750.6293603334966
750.6142516200476
750.5997730819312
750.5859261983748
750.5727086654751
750.560114512027
750.5481343351031
750.5367556375363
750.5259632510424
750.5157398317834
750.5060664184173
750.4969230447982
750.4882893995191
750.480145521998
750.4724725194994
750.4652532815786
750.458473158445
750.4521205583709
750.4461874077697
750.4406694079344
750.4355660170487
750.4308800884415
750.4266171098021
750.422784016286
750.4193875947835
750.4164325547293
750.4139194062258
750.4118423473311
750.4101874041495
750.4089310756481
750.4080397005617
750.4074696863556
750.4071686316803
750.4070772539159
750.4071319267115
750.4072675589782
750.4074205189913
750.4075313255593
750.4075468838113
750.4074221212422
750.4071209639776
750.4066166697959
750.4058915941608
750.404936503835
750.4037495699739
750.4023351717826
750.4007026280776
750.3988649521897
750.3968377006795
750.3946379615459
750.3922835058494
750.389792108916
750.387181034208
750.3844666643113
750.3816642585689
750.3787878149067
750.3758500138698
750.3728622243764
750.3698345534677
750.3667759250051
750.3636941753617
750.3605961567217
750.3574878410165
750.3543744195855
750.3512603952504
750.3481496648016
750.3450455909967
750.3419510638117
750.3388685513978
750.3358001415282
750.3327475745821
750.3297122693764
750.3266953431558
750.3236976271636
750.3207196791136
750.3177617939003
750.3148240137045
750.3119061385896
750.3090077384911
750.3061281673494
750.3032665800047
750.3004219522145
750.2975931040783
750.2947787268768
750.2919774132854
750.2891876906498
750.2864080569344
750.2836370188362
750.2808731313786
750.2781150382716
750.2753615122023
750.2726114942064
750.2698641312123
750.2671188108513
750.2643751927291
750.2616332352684
750.2588932175199
750.2561557552493
750.2534218109363
750.2506926973612
750.2479700746961
750.2452559411897
750.24255261772
750.2398627266822
750.2371891657828
750.2345350775556
750.2319038153928
750.229298907067
750.2267240166649
750.2241829058996
750.2216793957491
750.2192173292107
750.2168005359914
750.2144327997013
750.2121178281068
750.2098592268181
750.2076604766052
750.2055249145047
750.203455718699
750.2014558970513
750.1995282791472
750.1976755116091
750.1959000563937
750.1942041918027
750.1925900159137
750.1910594521821
750.1896142569134
750.1882560284469
750.186986217836
750.1858061408525
750.1847169912216
750.1837198549249
750.1828157255259
750.1820055203095
750.1812900971914
750.180670272087
750.1801468365599
750.1797205752536
750.1793922826191
750.1791627781141
750.1790329188802
750.1790036084773
750.1790757999703
750.1792504911004
750.1795287088332
750.1799114799826
750.1803997840744
750.1809944841432
750.1816962307132
750.1825053342722
750.1834216016196
750.1844441326759
750.1855710758583
750.1867993432031
750.1881242905399
750.1895393739338
750.1910358010447
750.192602204885
750.1942243772328
750.1958851084369
750.197564188045
750.1992386242273
750.2008831370914
750.2024709689923
750.203975032528
750.2053693833427
750.2066309626653
750.2077415075161
750.2086894813904
750.2094718423552
750.2100954459403
750.2105778814645
750.2109475640895
750.2112429475749
750.2115107794053
750.2118033838698
750.2121750259428
750.2126774804119
750.2133550118032
750.2142390691273
750.2153431185357
750.2166581676629
750.2181496491
750.2197563782728
750.2213922207893
750.2229508434237
750.2243134675906
750.2253589493413
750.2259749057421
750.226068172294
750.225572774761
750.2244539178415
750.2227072042782
750.2203532664253
750.2174290110614
750.213977513899
750.2100390391854
750.2056455672645
750.2008205651101
750.1955846099144
750.1899660053741
750.1840138942392
750.1778098748194
750.1714733208851
750.1651562316055
750.1590260717218
750.1532394587937
750.1479142356395
750.1431100751967
750.1388262591249
750.1350193463626
750.1316353014654
750.1286442975207
750.1260653991086
750.123973246403
750.1224867627726
750.1217464542614
750.1218892410837
750.1230280104853
750.1252392925791
750.1285589406458
750.1329836929606
750.1384760461333
750.1449703771672
750.152379059567
750.1605980192077
750.1695116187552
750.1789969592832
750.1889277223089
750.1991776276417
750.2096235147701
750.2201480048151
750.2306416813459
750.2410047408506
750.2511480979442
750.2609939743629
750.2704760429843
750.2795392316602
750.2881393112436
750.2962423971104
750.3038244818282
750.3108710893287
750.3173770982011
750.3233467270846
750.3287936154899
750.3337408787506
750.3382209797824
750.3422752544726
750.3459529593639
750.3493097776998
750.3524058113309
750.3553031812667
750.3580634368145
750.3607450139378
750.3634009799094
750.366077256523
750.3688114416501
750.3716322660731
750.3745596465059
750.3776052384882
750.3807733597596
750.3840621451133
750.3874648031401
750.3909708666508
750.3945673560481
750.3982398026197
750.4019731038461
750.4057522027917
750.4095625984392
750.4133907034504
750.4172240711076
750.4210515151956
750.4248631461647
750.428650344982
750.4324056932973
750.4361228754451
750.4397965646394
750.4434223029584
750.4469963820823
750.4505157296576
750.4539778045565
750.4573805027733
750.46072207486
750.46400105498
750.4672162011824
750.4703664461589
750.473450857552
750.4764686067975
750.479418945464
750.4823011880375
750.4851147002544
750.4878588920193
750.49053321421
750.4931371585609
750.4956702601155
750.4981321016251
750.5005223194868
750.5028406108478
750.5050867414775
750.5072605542397
750.5093619778368
750.511391035742
750.5133478550633
750.5152326753279
750.5170458569648
750.5187878895238
750.5204593994371
750.5220611573664
750.5235940850023
750.5250592612782
750.5264579279532
750.5277914944585
750.5290615419702
750.5302698265862
750.5314182815026
750.5325090181084
750.5335443257875
750.5345266703316
750.5354586907378
750.536343194191
750.5371831490156
750.5379816753206
750.5387420330889
750.539467607396
750.5401618904936
750.5408284604184
750.541470955885
750.5420930471298
750.5426984025318
750.5432906507673
750.5438733384643
750.544449883262
750.5450235224789
750.5455972576104
750.5461737951076
750.5467554841559
750.5473442522791
750.5479415399934
750.5485482358956
750.5491646139178
750.5497902747333
750.5504240935902
750.5510641769685
750.5517078308815
750.5523515434949
750.5529909850252
750.5536210277271
750.5542357886732
750.5548286978192
750.5553925933339
750.555919845733
750.5564025115171
750.55683251604
750.5572018642432
750.5575028763385
750.5577284440418
750.5578723011533
750.5579293004566
750.557895687225
750.5577693581539
750.557550093517
750.5572397499556
750.5568424017719
750.5563644198846
750.5558144798995
750.5552034937172
750.5545444628635
750.5538522557626
750.5531433152615
750.5524353064885
750.5517467184793
750.5510964352108
750.5505032932698
750.5499856435116
750.5495609334913
750.5492453256388
750.5490533638259
750.5489976978789
750.5490888724833
750.5493351834908
750.5497426015763
750.5503147604983
750.5510530048012
750.5519564902135
750.5530223286859
750.554245769581
750.5556204081437
750.5571384128657
750.5587907637131
750.5605674941266
750.5624579304578
750.5644509235948
750.5665350683618
750.5686989073291
750.5709311164197
750.5732206704872
750.5755569877302
750.5779300523724
750.580330515478
750.582749774239
750.5851800303519
750.5876143284218
750.59004657552
750.592471543227
750.5948848537176
750.5972829514997
750.5996630627325
750.6020231440534
750.6043618232352
750.6066783341266
750.6089724486773
750.6112444092107
750.6134948645289
750.6157248136703
750.6179355613353
750.6201286880869
750.6223060359753
750.6244697033104
750.6266220262384
750.6287654888516
750.6309024244295
750.6330341980088
750.635159182067
750.6372679983139
750.6393326096447
750.6412815198166
750.6429432774236
750.6439169844214
750.6432751201276
750.638897088484
750.6261180755837
750.5958962410496
750.5366764081855
750.4509554665857
750.3706448571832
750.3595565413428
750.2347511899969
750.1766836769133
750.1926138022438
750.2815522924407
750.2787749783656
750.2952933432636
750.2628339421757
750.2193268354899
750.1991699126313
750.1856382728389
750.1792043328667
750.1763498651682
750.1755603006875
750.176110311322
750.1775845764207
750.1797104784996
750.1822909551169
750.1851753819809
750.1882465695753
750.1914146416191
750.1946133983869
750.1977970869493
750.2009368435171
750.2040168502776
750.2070305836776
750.2099775427096
750.2128606878209
750.2156846326845
750.2184544943034
750.2211752438832
750.2238513966516
750.2264869072029
750.2290851749292
750.2316490991585
750.234181149637
750.2366834353587
750.2391577648265
750.2416056960474
750.2440285770211
750.2464275782731
750.248803718981
750.2511578881821
750.2534908620845
750.2558033184412
750.2580958485308
750.2603689673482
750.2626231222587
750.2648587005112
750.2670760357155
750.2692754135812
750.2714570769115
750.2736212300932
750.2757680430688
750.2778976549135
750.2800101770694
750.2821056962533
750.2841842771184
750.28624596467
750.2882907864852
750.2903187547437
750.2923298680894
750.2943241133562
750.2963014671616
750.2982618973524
750.3002053643876
750.3021318225693
750.3040412212229
750.3059335057623
750.3078086186922
750.3096665005195
750.3115070906239
750.3133303280316
750.3151361521442
750.3169245034193
750.3186953239765
750.3204485581635
750.3221841530861
750.3239020590698
750.3256022300919
750.3272846241769
750.3289492037457
750.3305959359234
750.3322247928359
750.3338357518414
750.3354287957549
750.337003913032
750.3385610979389
750.3401003506649
750.3416216774476
750.3431250906523
750.3446106088257
750.346078256747
750.3475280654388
750.3489600721684
750.3503743204409
750.3517708599546
750.3531497465596
750.3545110421871
750.3558548147831
750.3571811382053
750.3584900921267
750.3597817619365
750.361056238595
750.3623136185238
750.3635540034543
750.3647775002879
750.3659842209389
750.3671742821778
750.3683478054743
750.3695049168174
750.3706457465481
750.3717704291953
750.3728791032871
750.373971911175
750.3750489988518
750.376110515781
750.3771566147063
750.3781874514732
750.3792031848502
750.3802039763502
750.3811899900538
750.3821613924339
750.3831183521795
750.3840610400355
750.3849896286151
750.3859042922622
750.3868052068646
750.3876925497113
750.3885664993394
750.3894272353764
750.3902749383938
750.3911097897777
750.3919319715744
750.3927416663714
750.393539057161
750.3943243272233
750.3950976599932
750.3958592389669
750.3966092475692
750.397347869061
750.3980752864348
750.3987916823185
750.399497238888
750.4001921377678
750.40087655996
750.4015506857572
750.4022146946767
750.4028687653843
750.4035130756273
750.4041478021728
750.4047731207534
750.4053892060142
750.4059962314562
750.4065943693898
750.4071837909024
750.4077646658001
750.4083371625914
750.4089014484387
750.4094576891366
750.4100060490799
750.4105466912407
750.4110797771564
750.4116054668916
750.4121239190443
750.4126352907085
750.4131397374904
750.4136374134671
750.414128471216
750.4146130617729
750.4150913346596
750.415563437866
750.4160295178614
750.4164897195753
750.4169441864344
750.4173930603406
750.417836481692
750.418274589383
750.418707520817
750.4191354119207
750.419558397151
750.4199766095077
750.4203901805469
750.4207992404001
750.4212039177803
750.4216043400086
750.4220006330213
750.4223929213939
750.4227813283478
750.4231659757867
750.4235469842995
750.4239244731843
750.4242985604637
750.4246693629161
750.4250369960803
750.4254015742856
750.4257632106621
750.4261220171801
750.4264781046395
750.4268315827209
750.4271825599834
750.4275311438964
750.427877440847
750.4282215561831
750.428563594201
750.4289036581933
750.4292418504458
750.4295782722653
750.4299130239991
750.4302462050514
750.430577913897
750.4309082481005
750.4312373043294
750.4315651783701
750.4318919651485
750.4322177587345
750.4325426523687
750.4328667384547
750.4331901085922
750.4335128535748
750.433835063407
750.4341568273068
750.4344782337154
750.4347993703159
750.4351203240286
750.43544118101
750.4357620266703
750.4360829456762
750.436404021941
750.4367253386354
750.4370469781828
750.4373690222533
750.4376915517712
750.4380146468994
750.4383383870362
750.4386628508103
750.4389881160693
750.4393142598633
750.4396413584384
750.4399694872232
750.440298720807
750.4406291329211
750.4409607964299
750.441293783289
750.4416281645396
750.4419640102728
750.4423013896063
750.4426403706466
750.4429810204666
750.4433234050642
750.4436675893229
750.4440136369905
750.4443616106058
750.4447115714935
750.4450635796828
750.4454176938884
750.4457739714345
750.4461324682223
750.4464932386664
750.4468563356344
750.4472218103906
750.4475897125365
750.4479600899383
750.4483329886692
750.4487084529326
750.4490865249924
750.4494672451032
750.4498506514323
750.4502367799762
750.4506256644894
750.4510173363922
750.4514118246948
750.4518091559053
750.4522093539466
750.452612440053
750.4530184326936
750.4534273474673
750.4538391970075
750.4542539908878
750.454671735515
750.4550924340293
750.4555160862055
750.4559426883288
750.4563722331026
750.45680470953
750.457240102797
750.4576783941511
750.4581195607934
750.4585635757383
750.4590104077012
750.4594600209463
750.459912375168
750.4603674253354
750.4608251215453
750.461285408878
750.4617482272114
750.4622135110699
750.4626811894391
750.4631511855567
750.4636234167366
750.4640977941375
750.4645742225276
750.4650526000563
750.4655328179756
750.4660147603634
750.4664983038213
750.466983317151
750.4674696610001
750.4679571874946
750.4684457398306
750.4689351518313
750.4694252475002
750.4699158405008
750.4704067336315
750.4708977182509
750.471388573659
750.4718790664423
750.4723689497873
750.4728579627267
750.4733458293757
750.4738322581061
750.4743169406872
750.4747995513857
750.4752797460432
750.475757161118
750.4762314127139
750.4767020955868
750.4771687821568
750.4776310215432
750.4780883386111
750.4785402330675
750.4789861786509
750.4794256223821
750.47985798396
750.4802826553168
750.4806990003499
750.4811063548972
750.4815040269937
750.4818912974245
750.4822674206786
750.4826316262817
750.4829831206288
750.4833210892808
750.4836446998628
750.4839531055097
750.4842454489401
750.4845208671599
750.4847784968109
750.4850174801319
750.4852369715364
750.4854361447248
750.485614200296
750.4857703737476
750.4859039437765
750.4860142407244
750.4861006550695
750.4861626457707
750.4861997483019
750.4862115822123
750.4861978580489
750.4861583834659
750.486093068331
750.4860019287545
