868.3590456507097
777.2190986575712
768.8230342982702
764.962276785478
762.7438123935029
761.2911448184892
760.2563015924702
759.4759270116093
758.8627117074323
758.3653424033619
757.9515885691391
757.6002058005882
757.2966347257889
757.0305454958506
756.7943708259318
756.5824019681643
756.3902165983254
756.2143066535953
756.0518287750297
755.900431397651
755.7581308822198
755.623219852107
755.4941971999726
755.3697128947108
755.2485228399731
755.1294502570769
755.0113507616426
754.8930786803569
754.7734523031718
754.651215689328
754.5249942621886
754.3932405805028
754.2541651312188
754.1056444285472
753.9450946075358
753.7692920508439
753.5741111187284
753.3541273875604
753.1019895315645
752.8073584020434
752.4549436661341
752.0203895773686
751.4601146882803
750.680300007216
749.4118857673808
746.362613521762
688.7068632301043
638.7959679572087
640.5793072843576
640.4592871832502
638.3252857088825
635.3916871302067
634.2110582461845
633.2426565842287
631.8851303669795
632.0910181454313
630.8988080544538
629.6195524455297
630.0422982035464
630.1883451548159
630.1447738624518
628.3622509971931
627.8008666124101
627.4495014182814
625.758004671393
625.8924786831226
625.6696021893769
626.5775211050143
625.2280780759908
624.7265230576755
624.7928884321498
625.0943480523955
624.9368479117827
624.9516930820921
624.3170867802714
623.6516950914811
624.2277889945328
624.3945668714239
625.035294044945
624.5711302145477
624.8307535730188
624.5948597908143
624.3709617280723
624.0635258984447
623.6704933527388
623.7803612867816
624.2931695209245
625.2267698600854
626.1258608575342
625.8591927290628
626.0646878912984
625.1473108517035
624.7601684342056
624.4595051336248
624.007888197851
623.6225674788282
623.2671547094391
623.0444680185694
622.8137627382754
622.6164150177925
622.4578965021481
622.6776322617966
622.7519081057911
622.459189083307
624.2231165009341
624.2979906013967
623.1862799189336
623.2269836098628
621.651247532325
621.7049868598734
621.6805494478883
621.7176786988844
621.9323209851865
621.6321043641323
621.5264902097053
621.4775886673801
621.4616527977536
621.5043819870676
621.5576197656854
620.7080286732183
620.5434345946982
620.6562329783765
620.6556252076663
620.5242813533849
620.3957184168357
620.3301254031805
620.2778779006585
620.1975816962309
620.0571899321982
619.9493940646857
621.2298931241378
621.3180471075077
621.2145415050786
621.384078758651
619.71355359563
619.439699369181
619.4625330532857
619.6630674878957
621.8024241809807
621.9917076688004
622.2723801673343
622.3604656692012
622.5701349336113
622.3412665699522
624.9561347319508
624.0819231803573
623.4146481206463
622.8882549068643
622.9943589692934
622.2662407629003
622.2036662695215
623.6400297731666
622.7961663200233
621.8277230607101
621.3551048720255
622.2934292048883
621.720846755016
621.551739086859
620.4583507737649
620.2649367128067
620.4998377249167
621.2144784795227
621.364194333243
621.4106739244812
621.3955148488247
620.8745758695043
620.8977857922926
620.4314482244057
620.4010597209206
621.4399086657447
620.7457364649565
620.7426705798571
621.1683997021653
619.9899059268707
619.8954323795815
619.8053402151029
619.7286443783114
619.6711888537959
619.6250445263629
619.5797117751072
619.5454468451013
619.5537421782825
619.583165782775
619.5445267693852
619.5649178001867
619.7232927502853
619.7146991459304
619.7591846318958
619.8465905101262
619.9623191109098
620.3833704372557
620.014093851842
619.9678070391179
619.8800964947188
619.8369347983212
619.8800642116986
619.947542004577
620.5175156576452
620.2211415597907
619.8953325966509
619.8181544734969
619.821870399685
620.8958456734651
619.9426525594764
620.2168715009778
620.3378552421827
620.7995404607809
621.2504539355283
621.0253971235354
621.5481521496973
621.7809705945866
621.7084168072049
621.6661487621549
621.6542484968764
621.6128985552782
621.6056303880109
621.4021380793083
620.5045492342167
620.6711926911072
620.4366767369205
620.2928281940077
620.1617405934805
620.041546958011
619.9319440946592
619.8301850720037
619.7355417848989
619.6507715650895
619.5796668211918
619.5245378855928
619.4856994562585
619.4621288007696
619.4519865309171
619.4530470686045
619.4633819932027
619.4822475500652
619.5113752724897
619.5576097264991
619.640203648226
619.8184426287575
620.1618951048309
620.3382871459579
620.3870031497953
620.3566069717074
620.3581707169678
620.3879631904393
620.4436714614642
620.4656645928598
620.4716617457447
620.550474845171
620.6405621362042
620.4074408476215
619.9796380274897
619.9434615943067
620.084175650111
620.4441423078681
620.5855267907428
620.3158927158195
620.0979901463758
619.9916039670711
619.9997380141256
620.0534380580721
620.2024355690909
620.8312563755171
621.369894651567
621.6825134014986
620.0797734916417
619.7732285167515
619.7972678184389
619.7343941972742
619.6976654133887
620.1099922484717
620.1926590542602
620.0590459895725
619.7583865725633
619.5023622086208
619.1981691370853
619.2009785176851
619.1982829767526
619.1783849283869
619.1492665406315
619.1299013766757
619.1078863621254
619.0719027342697
619.0377168486852
619.0114375070145
618.9913366586617
618.9753405320855
618.962686307497
618.9532487627296
618.9468928040955
618.9433239822137
618.9421491342019
618.9429020501287
618.9449498898066
618.9473276942682
618.948703055614
618.9477340743887
618.9438381942085
618.9379512377005
618.9326295652529
618.9311208704984
618.9355795043003
618.9444962120969
618.9516186529913
618.9521291359164
618.9471827743233
618.9399115884518
618.9336935032328
618.9330084009647
618.9465933261578
618.9569496111022
618.9718699703437
619.0322172514897
618.398849587014
618.887187027923
619.0570501761143
617.8563332370712
619.0048984012445
618.8656098735024
618.0838779655747
619.0586994952909
618.2888626672461
618.5585035305683
618.5412587817634
618.4878154770512
618.4080246414954
618.295408940727
618.141335599272
617.9709564340088
617.8290081306285
617.7268084424968
617.6530618291306
617.5959927104155
617.5490055365157
617.5095215297233
617.4772380867387
617.4530265112883
617.4383236801833
617.4348148154047
617.4442971563801
617.4686593660093
617.5099189183384
617.5702895081162
617.652508421738
617.7617361812466
617.9118860719639
618.131693953661
618.4336299149073
618.7144525082914
619.0094383618947
619.1878972176074
618.5712280862882
619.161938826035
618.6085231737504
619.1605751132258
618.6979182051932
618.7010201842528
618.87110157558
618.5705915531604
618.9008827813855
618.7010005280664
617.9412326709418
618.4244869629988
618.3548509957046
618.2796701455916
618.3879001762824
618.5576213938452
618.751576573784
618.6779379735261
618.6882777387465
618.6813520947914
618.6083842005626
618.6876621117218
618.5320683202342
618.6493430058807
618.682197997604
618.7118551591834
618.6577476213178
618.6394920619088
618.6631842601325
618.6037080423292
618.6261941828419
618.6314159504506
618.6177268303204
618.6087310480756
618.614773514575
618.6200123356714
618.6180957990573
618.6158352517316
618.6086639743894
618.5680382551442
618.4970047351593
618.455952345218
618.4567739201749
618.6313910301417
618.6525964834777
618.5681581301478
618.6518298497183
618.876290052732
618.8838929099427
618.8936056591524
618.9093878768981
618.6282730934383
618.4483081774929
618.9250685968249
618.5317463543948
618.6286917399896
618.7743796257153
618.5748395460021
618.624553763388
618.663268171058
618.8019628356171
618.5347960311905
618.5619889899465
618.758101880376
618.7353760901227
618.6087864223153
618.7753674049583
618.8132307966636
618.564433931934
618.628699487952
618.7817420016041
618.8685360045469
618.6998931129505
618.829680728606
618.6189626518899
618.731509379265
618.8827615178661
618.926137900052
618.8747683054731
618.7924988006255
618.7085997965119
618.6629622686053
618.640936995019
618.6855764310253
618.736078135809
618.7608446073123
618.743884189314
618.7209515017221
618.6382029065451
618.526150444442
618.9014684492379
618.027302252001
618.7026103949846
618.6275657137126
618.3481683399165
618.0495732562592
617.819021137455
617.6720039173125
617.5719098946894
617.4989575420725
617.4418821027771
617.3954656833839
617.3574750557609
617.3265079413977
617.3013442623707
617.2808878702245
617.2642196873028
617.2506283999575
617.23960486383
617.2308132943533
617.2240527680971
617.2192178019662
617.216262497589
617.2151700997829
617.2159286330406
617.218512962836
617.2228735489476
617.2289318209599
617.2365812666995
617.2456920792606
617.2561160345213
617.2676878978519
617.2802207312407
617.2934952196398
617.3072471769286
617.3211614386832
617.3348817733072
617.3480419228646
617.3603117962825
617.3714413308567
617.3812826399139
617.3897814470405
617.3969422549445
617.4027787524315
617.4072639922983
617.4103065854449
617.4118142747624
617.4119586634125
617.4116899917241
617.4130533138541
617.4187226047557
617.4321388459226
617.4590698351659
617.508842508737
617.5977329058294
617.8553267584722
618.3391745168549
618.1550017826581
618.3753809495146
618.545296177773
618.4199676287662
618.7643584920175
620.0590393639673
620.0002060971201
619.9874223243039
619.973131470694
619.8817194379494
619.7777578335226
619.6966023812806
619.6368193420944
619.5917305525228
619.559129026078
619.53992910915
619.5341442413297
619.5388405606699
619.5489847495909
619.5590725570613
619.5658620893871
619.5695990141018
619.5718846912442
619.5740262096041
619.5767720149566
619.5803506813176
619.5846074091213
619.5891977348193
619.5937697266976
619.5980853056577
619.6020614632878
619.6057515577489
619.6093079653423
619.6129560733981
619.6169837114859
619.6217318885173
619.6275705788121
619.6348547736748
619.6438712623149
619.654792428881
619.6676454923403
619.6822951566336
619.6984372019771
619.7156083411987
619.7332205816699
619.7506175086627
619.7671328769518
619.7821280460333
619.795003488007
619.805207965732
619.8122847436929
619.8159804187799
619.8163946414036
619.8140947989365
619.8101163897106
619.8058427975237
619.8028467802258
619.8027954830615
619.8074550977188
619.8187181401349
619.8384384227617
619.8677572186415
619.9058445045497
619.9489133335428
619.9913434202467
620.0294690474904
620.0640014117313
620.096590513305
620.1263793666717
620.1529016906964
620.177608132864
620.2022351458097
620.2271749401345
620.2505770038267
620.2722363626963
620.2940381426429
620.3161148907462
620.338389673064
620.3603192418373
620.3813125545256
620.4008843862093
620.4188176686298
620.4351262371184
620.4499469489056
620.4634389231255
620.4757078411513
620.4867506880289
620.4964494841612
620.5046352885644
620.5111858144302
620.5160890175205
620.5194386327523
620.5213815260673
620.5220597627235
620.521576973241
620.5199931361209
620.5173358578519
620.5136145281276
620.5088297442305
620.5029766686554
620.4960443597263
620.4880139146611
620.4788578386211
620.4685423895339
620.4570340975965
620.4443111109563
620.4303791114314
620.4152898503295
620.3991576681594
620.3821661261215
620.3645546392054
620.3465767241117
620.3284314813728
620.3101914492872
620.2917753652006
620.2730134736801
620.2537941606487
620.2341954217054
620.2144925090843
620.1950318938908
620.1760695522521
620.1576797952879
620.1397658794742
620.1221335098905
620.1045714465771
620.086903139925
620.068997387492
620.0507434366694
620.032008838919
620.0126048016876
619.9922793062044
619.9707449331565
619.9477323452433
619.923047478614
619.8966096643327
619.8684615567333
619.8387567385954
619.8077355942328
619.7756967683051
619.7429676500257
619.7098762722425
619.6767279271735
619.643790329771
619.6112897262097
619.5794171456635
619.5483406333708
619.5182175562136
619.4892017835873
619.4614432602988
619.4350808238519
619.4102315881605
619.3869809762514
619.3653765878827
619.3454272499575
619.3271067498769
619.3103605919368
619.2951138459597
619.2812785397529
619.2687596900299
619.2574596664891
619.2472810034784
619.2381279990655
619.2299075108486
619.2225293229529
619.2159063667197
619.2099549670212
619.2045951856954
619.1997512589592
619.1953520822289
619.1913316796956
619.1876295996735
619.1841911914086
619.1809677379032
619.1779164376447
619.1750002437509
619.1721875807323
619.169451966758
619.1667715729038
619.1641287510687
619.1615095594567
619.1589033098466
619.1563021548889
619.1537007274792
619.1510958380188
619.1484862301472
619.1458723907721
619.1432564067438
619.1406418578287
619.1380337339494
619.1354383637376
619.1328633412716
619.1303174382908
619.1278104900658
619.1253532443737
619.1229571646943
619.1206341805655
619.1183963805366
619.1162556462601
619.1142232312945
619.1123092969626
619.1105224349359
619.1088692428763
619.1073540988983
619.1059794582479
619.1047473990202
619.1036640877267
619.1027511361599
619.1020737628919
619.1018121942701
619.1024527903382
619.1053445631666
619.1145865941227
619.1455645134238
619.2494564724408
619.436844954014
618.7807742714301
617.4338394589348
616.9680857104918
617.1327781283406
616.988629037982
616.9862001741288
616.9590638150718
616.8961746003654
616.8155093681414
616.764985208651
616.7329497655753
616.6431012701692
616.5387212952751
616.4809318233083
616.4617912406354
616.4418024062179
616.3276289414052
616.1772903205838
616.0896910294492
616.0437652113092
616.0186158071951
616.0058389610832
616.0023016014237
616.0070425205694
616.020259406218
616.0433363624182
616.079352533529
616.1330950730623
616.2079379076649
616.2932822998096
616.3491758887777
616.4016941267635
616.4263186384113
616.3072811278175
616.2855737658473
616.2524084145358
616.1707781345576
616.0927413119448
616.0397820044383
615.9977513074189
615.9571501791722
615.9142744341966
615.8685348314901
615.8210659724986
615.7738011687599
615.7285922021557
615.6866406800557
615.6484241571857
615.6139132967174
615.5828197445602
615.5547660950243
615.5293768241684
615.5063179449885
615.4853090844509
615.4661225232616
615.4485770123725
615.4325302235434
615.417871564019
615.4045160071931
615.3923990794972
615.3814729254901
615.371703298793
615.3630673182672
615.3555518459725
615.349152367638
615.3438722784996
615.3397224946815
615.3367213217808
615.3348945181555
615.334275489972
615.334905548619
615.3368341465256
615.3401189832351
615.3448258370773
615.3510279253555
615.3588045248683
615.3682384919406
615.3794122082963
615.392401352373
615.4072657754915
615.4240366892856
615.442699421692
615.4631712985664
615.4852749439208
615.5087087067953
615.5330182724059
615.557576932887
615.5815861536124
615.6041114305074
615.6241668860306
615.6408481329216
615.653480866979
615.6617174154306
615.6655302832351
615.665163515552
615.6611876994235
615.6546291623226
615.6468750776738
615.6392428851117
615.6325680593504
615.6271392706715
615.6229020849087
615.6196958282743
615.6174108594411
615.6160677193275
615.6158430610109
615.6170526551891
615.6200913036016
615.6253359276504
615.6330368708802
615.6432354895821
615.6557335755731
615.6701076182825
615.68574256795
615.7018746543602
615.7176589144997
615.7322764129134
615.7450583921727
615.755571259246
615.7636215927973
615.7691871671003
615.7723097543095
615.7729832258484
615.7710558697871
615.7661589080319
615.7576819519483
615.7448424546226
615.7269296709558
615.7037798115518
615.6763245314047
615.6467447598743
615.6180415208327
615.5935934117135
615.5764067419467
615.5662635408202
615.5576033390429
615.5440477287048
615.5242342269021
615.5013959629832
615.479393227195
615.4616043393854
615.4539076942585
615.4660311624535
615.4976983483208
615.5245316930869
615.52741699347
615.4964138969452
615.4380264874488
615.3629980766452
615.3027331479351
615.2744214029359
615.2633688215487
615.2590539877189
615.2573743846043
615.256667064076
615.2561389244263
615.2553417778424
615.2540052325913
615.2519875822978
615.2492551661743
615.2458581382241
615.2418978825808
615.2374930868096
615.2327525237016
615.2277583043867
615.2225589299442
615.2171694547088
615.2115762997621
615.2057452763121
615.1996319662663
615.1931933916673
615.1863992605663
615.1792406583351
615.1717343440431
615.1639218929306
615.1558644954802
615.1476357943124
615.1393163272481
615.1309939369227
615.1227753928382
615.1148163532819
615.1073806680239
615.1009461671376
615.0963793973905
615.095190841028
615.0998011604454
615.1134569153411
615.1388219371057
615.1747131659092
615.216017405865
615.2614739262596
615.3127181464417
615.3355320003927
615.3171220689119
615.3099891111153
615.3253734532991
615.3440936172251
615.3470791824374
615.3299755393424
615.3020562980792
615.282208798951
615.2813199673185
615.2863546160044
615.272193087262
615.2354314075277
615.195123576181
615.1593055543881
615.124143378576
615.0882980694739
615.0540376325325
615.0244126026137
615.001143673059
614.984071121567
614.9720418472432
614.9637681071249
614.9581849030716
614.954506068429
614.9521772475281
614.9508132005642
614.9501458005257
614.9499864391032
614.9502002708158
614.9506889303565
614.9513789994902
614.9522142957721
614.9531506879783
614.954152585486
614.9551905429624
614.9562396135727
614.9572782082894
614.9582873000923
614.9592498650106
614.9601504874189
614.9609750807706
614.9617106912627
614.9623453631428
614.962868052298
614.9632685801481
614.9635376237928
614.9636667406097
614.9636484267785
614.9634762093956
614.9631447706445
614.9626501003777
614.9619896698233
614.9611626142985
614.9601699065455
614.9590144951633
614.9577013749695
614.9562375490432
614.9546318376931
614.9528944898894
614.9510365615199
614.9490690447216
614.9470017662788
614.9448421185045
614.9425937375423
614.9402552902343
614.9378195581243
614.935273004075
614.9325959694805
614.9297635844808
614.9267473948859
614.9235176354505
614.92004602191
614.9163088947511
614.9122905149126
614.9079862657567
614.90340543738
614.8985731514225
614.89353084887
614.888334678505
614.8830512146515
614.8777503541118
614.8724960767975
614.8673368451136
614.8622982382035
614.8573802413867
614.8525600923293
614.8477993660283
614.8430524897816
614.8382740994102
614.8334240595584
614.8284700862314
614.8233878952939
614.8181581831026
614.8127595049356
